4406
30564
15479
2395
42528
20072
13928
3599
7568
981
14088
26051
30548
50234
40031
28260
22340
61893
23060
54730
28517
47500
34884
45004
58284
25423
39735
31558
59922
54744
1041
13894
2979
38685
31965
59632
44847
54931
34441
48681
35250
30327
5400
46877
21609
13813
12525
50475
45666
65185
35398
854
34833
23465
59851
28371
36040
31985
52474
52343
32907
5145
51993
61489
63085
20832
65025
54132
58678
19223
13570
26893
23326
61294
16005
59108
34542
3831
55829
62184
24145
8617
40861
17915
10102
45427
17591
39016
4383
10289
34255
5517
24686
29664
43273
55843
62736
9973
7255
47166
29617
35984
20907
24541
6444
31901
25387
14607
28718
31603
39172
30625
5133
1872
64034
56775
40847
37943
11255
3666
31474
4292
2728
25862
41571
23707
17973
57251
47878
38739
39139
27139
63875
56735
45974
46463
59220
60924
5189
58921
64741
20168
42259
45411
9003
14736
14042
53028
26925
37548
54124
50227
52706
9585
8665
24090
48789
54384
64633
43888
31295
18069
11591
41748
42252
13813
33724
1284
2285
1994
4017
42452
27294
59094
57784
19689
62163
42593
55877
31645
31368
11397
39188
57955
60712
47806
50400
26552
23686
56335
39838
33957
38552
1132
60619
21158
25927
34410
25770
4361
51683
46529
63552
41547
49677
8272
37227
44854
34746
18217
2034
50079
62177
16130
27443
473
9938
61092
32561
33929
6126
7040
43716
25815
40540
13328
62053
45837
45025
28173
46886
48150
19569
48966
64253
21735
34406
56331
50577
55355
36635
26926
50949
12601
39706
8838
35708
265
58360
52545
64000
21491
47765
24571
42706
51005
1974
5426
56262
43270
23637
57400
31707
55811
48095
31902
57718
52124
6584
38228
2921
15993
28339
5896
21438
44004
47949
63781
12094
61896
65021
46731
13578
48154
27434
27318
48600
45259
13105
28142
37220
60402
5124
15263
20997
23130
25656
3354
4362
55167
22088
35135
54769
9125
55736
8980
65033
13628
50537
44600
31882
41005
14532
34046
60511
48355
20766
37047
34685
29018
13103
5565
56193
30492
55121
21092
4888
19384
12036
36431
63278
42051
56556
61178
9429
57923
27351
21221
5378
11977
21706
9966
25699
12914
25067
62802
43823
60404
11648
43945
14956
40392
55397
57705
17464
50171
6074
58152
35692
14381
1286
54342
25275
14532
39010
49439
59477
46161
49962
11190
24454
43201
726
9185
55775
25047
38150
53038
2958
6585
26837
56234
57014
49944
33618
28667
50823
19825
59120
799
53220
23202
38129
8876
18998
24701
62892
38919
41522
29410
44597
57309
41398
14788
37012
21409
58971
52359
9431
20181
41794
40803
5619
39457
64837
21143
15037
22705
51797
56335
47863
63775
45213
11578
65318
26377
32538
32279
20842
5401
50070
52931
51935
56635
44931
57253
58694
5711
6814
57461
43402
20442
7568
54765
27097
40332
19518
18171
34602
14829
60803
7000
18233
2483
51347
53425
58987
29675
52771
50910
6707
24352
18431
33310
14698
31920
35901
26919
25094
29223
56580
57151
46064
47319
509
13851
10381
3669
55410
648
37722
10538
6638
63490
60068
46129
43599
52418
26023
48414
3224
26447
10224
12186
3368
64282
52849
21133
5908
59585
2654
47384
5291
31507
42421
43031
43042
41342
34547
36004
11202
58929
4543
1002
26752
18230
12995
57539
43407
43397
27293
5340
37523
4240
51253
61707
26613
65404
19166
40964
50347
45154
480
24403
45467
35982
11933
57676
55408
21622
421
34606
61582
8632
26363
8620
20789
14038
62424
32644
49646
57814
62880
59901
41549
28409
65436
28240
30299
51533
6377
26012
58780
22063
57029
33499
37361
24994
61118
64578
39417
305
43219
25354
37402
15571
39254
59099
43047
1724
30198
6281
6804
44721
48725
34604
15464
2451
32800
37615
44618
7289
3594
38561
64004
16967
20865
42014
17413
9584
48568
54417
44354
37809
24855
62595
23038
55629
34107
47298
59290
35581
14109
52472
42712
11162
48489
54040
57656
2713
54386
48234
10649
54640
45563
60826
37390
17797
41314
3967
9627
57652
5874
47691
13313
7887
39252
51431
35466
11814
54962
53886
18177
63275
49742
18712
25584
21498
6986
4517
48910
28924
16474
7313
12014
28876
35504
57782
15226
47426
32296
30700
24584
38432
10962
58289
1522
29237
62859
49500
63028
48056
18389
31471
7949
29334
7085
10084
45980
22916
995
9759
52608
10983
54796
44246
30633
3056
60748
15680
64556
43030
42654
17010
16731
61503
5365
40936
12955
55658
28345
32434
37888
47318
42066
7080
6837
62865
16789
17563
21448
54167
57173
54893
21943
39226
16516
12953
45772
24233
54305
54547
55728
32670
58423
712
29324
4698
46959
51875
12311
33741
26544
7731
37100
47346
4575
47334
46400
61359
17077
34006
29503
18333
28594
36670
26548
64531
49887
54402
50410
11732
14761
57609
60872
52024
56228
43243
35490
64217
47871
222
14050
5529
14064
51062
24151
2875
7605
19069
34124
14090
26920
35221
25423
35442
21429
10564
48286
18510
60599
49357
17675
46843
30845
30063
34806
30663
12914
57254
32478
417
13387
5770
19102
57834
42369
35633
15725
21186
3852
30160
54495
49282
64146
55510
26232
31424
28288
12125
34313
58884
33657
25758
46746
38141
12370
40310
56323
8314
35232
7211
28647
61180
28189
19776
28646
19899
58063
4874
51090
55192
65172
10427
1643
41217
3381
62754
7185
37991
46160
9675
43587
55313
8388
46163
77
40361
12272
38564
48525
58501
52540
56993
21487
11126
22678
52213
36621
56295
28033
41581
62410
4342
13038
38283
18138
55226
61970
59044
2291
56538
56380
21089
60827
52373
1473
1240
40976
14439
58415
44362
59532
17900
22782
41912
64995
35010
7536
55210
33776
25138
29013
59481
6436
59481
16935
4079
3225
24943
46076
46390
48424
43140
30446
34234
34989
38516
41849
62965
7151
44500
52209
14833
22243
37182
29148
1852
401
9117
22836
19743
55997
59202
6651
8755
28194
13735
30771
19176
58270
5296
11189
21367
5773
47401
59994
25961
43949
36826
22583
60833
12288
61544
28953
16335
8931
20060
38060
38820
62675
57003
31090
56198
47551
43432
23276
3995
34087
62547
611
30654
1657
50972
10507
31452
8324
13641
53886
46889
28334
26044
57819
42072
14666
24087
26247
11320
30424
14903
6583
55973
36283
63070
49152
32817
30756
53216
44101
14139
17885
45434
24550
50670
17496
15273
12525
63681
4248
63615
