61811
21539
5428
4648
219
54214
22981
26534
53588
24878
3937
53019
30480
42478
59902
8395
9992
47213
40827
7278
29368
45641
45338
13654
63372
62267
59341
36769
25737
43677
58255
28286
56066
3747
40973
39733
62186
61396
5439
64498
40664
48495
36925
34665
61374
15542
11047
32995
16923
5507
326
54734
46891
23198
43571
7279
25093
36855
60137
363
13066
40136
55636
31072
12773
4003
19903
17273
55247
7927
2132
52057
34540
42506
30560
17149
61707
52368
20478
33232
21909
6874
58863
23472
31957
1406
19347
25478
15263
52852
8097
30481
42691
20070
40627
46923
22231
27688
6653
18573
44103
55821
38427
6459
46632
1312
48103
7181
38273
57841
54509
40409
10164
39204
40130
19553
46834
46196
52074
61092
989
50857
25128
58708
24990
5924
42818
7684
55955
22507
1292
60260
32883
7155
35046
2752
38214
42731
54860
16741
8988
53367
3216
19790
46411
24219
20994
10892
8082
15992
41177
54184
54173
62365
45073
62890
1284
3433
47130
33419
27719
19272
42957
29839
37878
46238
40175
27961
19675
27626
2990
32998
53417
38467
38298
30501
45763
48504
47471
62972
36398
35707
3357
32044
17243
22037
55835
13635
439
25124
44101
30266
36115
2605
38089
33155
34569
36132
43011
21890
44563
31767
9757
15116
16409
53320
3525
55972
4623
13153
50650
19804
41799
256
33211
58982
63073
55371
58106
60679
23729
3486
46629
23783
34944
3092
1589
6869
8345
23766
56870
6244
106
64278
6629
16239
11746
16282
33206
61948
3501
45531
60835
39167
18685
40872
25509
28684
19212
29340
35617
8860
59639
19790
40415
15367
12794
50413
22786
4994
10594
20299
45894
7158
13415
48492
6099
4676
54610
24519
6634
52718
14487
1982
31822
48793
34988
20935
43883
52784
45051
37182
35213
16999
30329
29355
31939
49873
59211
20245
54503
12586
56325
7033
55773
515
64341
32427
35975
6879
35312
36385
33954
27245
4934
60328
28934
56841
13699
60151
57950
36651
7764
15086
61840
62093
30185
33530
30137
2909
22550
63044
16742
40281
27172
3009
56992
43879
17406
6312
36021
15156
1487
16921
40136
64576
42405
10092
27174
38680
60445
22696
64703
47990
14578
30884
17815
36595
37270
10279
60075
38087
37455
9093
51161
8133
5757
30469
57637
38002
40034
15274
11895
20574
60655
54919
52701
47010
40462
25732
7628
22585
59169
33712
37095
3731
37035
32326
46840
52805
47941
29327
44779
63060
54198
10784
41599
41361
25602
10936
59794
2639
63607
10145
20369
7193
1426
25604
46305
36841
30022
6534
57175
13902
10453
25315
60272
18666
36224
5207
4793
4086
12042
60378
46754
52112
41041
30100
6271
31117
55799
17905
23362
47455
24028
58963
18623
5965
42391
11320
32318
28704
6003
6292
45563
52585
31164
48800
32867
6832
31967
49836
56158
54078
60199
31429
49974
22898
40421
39042
18168
381
56580
1403
1137
5278
62615
34446
3581
44424
54485
5678
32948
27825
37400
16078
26693
43662
48175
9572
14684
10178
17622
15389
4013
55075
7392
38907
36023
27774
46193
48294
14089
62550
7514
234
19178
5639
64720
55391
15312
24963
42102
48035
38204
28164
18192
50372
20648
48756
5369
37213
8376
42127
15443
35636
7806
25462
601
21474
59463
61414
62378
62401
49372
5506
6594
22699
62888
55284
10633
10815
37268
23208
15182
34651
44026
54301
9348
45032
61189
22857
26859
16124
59840
3060
43097
32742
34690
15061
49517
44402
27525
48557
48496
59794
48044
41250
14270
21782
5000
34686
57430
34631
22722
56206
5943
25716
7715
37702
25068
58626
17206
12146
44926
13446
54736
28193
24127
56894
43277
46512
45963
47616
3319
10185
46412
30406
64212
1361
61603
63107
32497
12260
56860
63074
14651
8572
874
32435
15593
18858
16897
23454
7321
59215
39527
64166
30337
55418
2789
52754
15072
34378
42638
7704
16754
47683
62697
38118
38870
25699
37805
63062
32379
57063
49350
14974
64148
11503
17370
37851
40288
52731
22973
62082
64153
45050
4660
1537
52439
22137
40689
2998
62966
42425
37528
22343
5768
46685
1421
13135
2408
24618
7458
47382
668
41522
62981
37823
45662
62233
30095
22012
41328
46864
56402
25885
64053
24845
2020
20933
17765
2960
24585
22955
59719
59881
17643
22260
51694
50864
7828
27937
34682
44600
41570
45438
82
56761
36609
434
57198
30817
41980
24262
48568
23694
27685
57851
20625
41824
7043
43837
4476
58891
7948
45908
64411
50337
32708
60975
24041
27729
10476
41009
15426
62749
54026
46223
26828
31512
31005
34429
61997
21483
4957
13276
64636
53377
61641
49719
53882
41679
38851
11876
23892
27380
4939
49320
6733
43903
3892
35456
43702
42223
1930
58617
49734
29358
3849
48800
15891
29179
39851
60176
49629
7188
16400
56356
15756
20998
61941
57834
2290
51447
17046
29554
58163
6895
56007
2783
38168
43263
21243
50112
27893
18940
42215
26512
28519
60228
37305
43377
17590
10621
23206
33885
28388
15350
37615
34330
45875
47337
63364
6561
21178
255
33480
60790
23451
61477
8038
29227
9951
38524
48482
15076
53522
43206
17789
8598
60650
25089
12798
21313
53876
12937
65134
31105
12823
45549
19110
48931
7193
23111
28266
22734
37595
1106
23193
63968
19058
29981
24880
25703
11131
32561
50964
18900
64432
54176
40761
29994
40063
6668
14171
46808
14820
56125
32898
2813
39171
14099
6677
48093
14902
58927
37552
57655
60467
12390
46935
8471
43307
62630
25993
21701
33410
44090
55289
1082
3859
11266
13822
10455
19026
24795
50192
29858
21280
6991
15673
23271
44856
20424
64420
12659
1718
48714
56941
9068
2556
25982
38392
2061
60914
17073
52073
62600
40719
55706
42255
2389
11659
42410
32025
17548
44047
41325
21553
19640
41329
22888
2684
13849
38034
50481
47517
16365
8932
17780
32196
48182
30039
28266
31924
37579
61398
40507
17561
44208
17553
5177
33604
42699
63705
17087
15805
20363
11502
16532
53696
2554
38390
35213
13185
24165
131
1977
43914
60803
1558
43110
18391
4876
30677
29002
51616
47114
10225
11306
62443
55470
28818
49382
12115
52347
3745
18673
49788
28507
34493
49711
48586
24093
28494
9341
55683
54727
12896
64150
10379
45809
26773
40787
48328
6529
2820
59728
22087
34239
53139
35629
28786
16917
61825
19548
35481
20816
460
44958
18372
59321
42986
46963
61054
11963
13894
30740
